name: testEnvSid1
channels:
  - qttesting
  - conda-forge
  - defaults
dependencies:
  - appdirs=1.4.3=pyh91ea838_0
  - attrs=19.3.0=py_0
  - black=19.3b0=py_0
  - blas=1.0=mkl
  - ca-certificates=2019.11.28=hecc5488_0
  - certifi=2019.11.28=py38_0
  - click=7.0=py_0
  - cloudpickle=1.2.2=py_0
  - cycler=0.10.0=py38_0
  - cytoolz=0.10.1=py38he774522_0
  - dask-core=2.10.1=py_0
  - decorator=4.4.1=py_0
  - ffmpeg=4.2=h6538335_0
  - freetype=2.9.1=ha9979f8_1
  - hdf5=1.10.4=h7ebc959_0
  - icc_rt=2019.0.0=h0cc432a_1
  - icu=58.2=ha66f8fd_1
  - imageio=2.6.1=py38_0
  - intel-openmp=2019.4=245
  - jpeg=9b=hb83a4c4_2
  - kiwisolver=1.0.1=py38ha925a31_0
  - libiconv=1.15=h1df5818_7
  - libopencv=4.0.1=hbb9e17c_0
  - libpng=1.6.37=h2a8f88b_0
  - libtiff=4.1.0=h56a325e_0
  - libxml2=2.9.9=h464c3ec_0
  - libxslt=1.1.33=h579f668_0
  - lxml=4.5.0=py38h1350720_0
  - m2-base=1.0.0=3
  - m2-bash=4.3.042=5
  - m2-bash-completion=2.3=2
  - m2-catgets=1.1=3
  - m2-coreutils=8.25=102
  - m2-dash=0.5.8=2
  - m2-file=5.25=2
  - m2-filesystem=2016.04=4
  - m2-findutils=4.6.0=2
  - m2-gawk=4.1.3=2
  - m2-gcc-libs=5.3.0=4
  - m2-gettext=0.19.7=4
  - m2-gmp=6.1.0=3
  - m2-grep=2.22=4
  - m2-gzip=1.7=2
  - m2-inetutils=1.9.2=2
  - m2-info=6.0=2
  - m2-less=481=2
  - m2-libasprintf=0.19.7=4
  - m2-libcatgets=1.1=3
  - m2-libcrypt=1.3=2
  - m2-libgettextpo=0.19.7=4
  - m2-libiconv=1.14=3
  - m2-libintl=0.19.7=4
  - m2-liblzma=5.2.2=2
  - m2-libpcre=8.38=2
  - m2-libreadline=6.3.008=8
  - m2-libutil-linux=2.26.2=2
  - m2-libxml2=2.9.2=3
  - m2-mintty=1!2.2.3=2
  - m2-mpfr=3.1.4=2
  - m2-msys2-launcher-git=0.3.28.860c495=2
  - m2-msys2-runtime=2.5.0.17080.65c939c=3
  - m2-ncurses=6.0.20160220=2
  - m2-sed=4.2.2=3
  - m2-tftp-hpa=5.2=2
  - m2-time=1.7=2
  - m2-ttyrec=1.0.8=2
  - m2-tzcode=2015.e=2
  - m2-util-linux=2.26.2=2
  - m2-which=2.21=3
  - m2-zlib=1.2.8=4
  - matplotlib=3.1.3=py38_0
  - matplotlib-base=3.1.3=py38h64f37c6_0
  - mkl=2019.4=245
  - mkl-service=2.3.0=py38hb782905_0
  - mkl_fft=1.0.15=py38h14836fe_0
  - mkl_random=1.1.0=py38hf9181ef_0
  - msys2-conda-epoch=20160418=1
  - networkx=2.4=py_0
  - numpy=1.18.1=py38h93ca92e_0
  - numpy-base=1.18.1=py38hc3f5095_1
  - olefile=0.46=py_0
  - opencv=4.0.1=py38h2a7c758_0
  - openssl=1.1.1d=hfa6e2cd_0
  - pandas=1.0.1=py38h47e9c7a_0
  - pillow=7.0.0=py38hcc1f983_0
  - pip=20.0.2=py38_1
  - py-opencv=4.0.1=py38he44ac1e_0
  - pyparsing=2.4.6=py_0
  - pyqt=5.9.2=py38ha925a31_4
  - python=3.8.1=h5fd99cc_1
  - python-dateutil=2.8.1=py_0
  - pytz=2019.3=py_0
  - pywavelets=1.1.1=py38he774522_0
  - qt=5.9.7=vc14h73c81de_0
  - qtcreator=4.0.3=vc14_0
  - scikit-image=0.16.2=py38h47e9c7a_0
  - scipy=1.4.1=py38h9439919_0
  - setuptools=45.1.0=py38_0
  - sip=4.19.13=py38ha925a31_0
  - six=1.14.0=py38_0
  - sqlite=3.31.1=he774522_0
  - tk=8.6.8=hfa6e2cd_0
  - toml=0.10.0=pyh91ea838_0
  - toolz=0.10.0=py_0
  - tornado=6.0.3=py38he774522_0
  - vc=14.1=h0510ff6_4
  - vs2015_runtime=14.16.27012=hf0eaf9b_1
  - wheel=0.34.2=py38_0
  - wincertstore=0.2=py38_0
  - xz=5.2.4=h2fa13f4_4
  - zlib=1.2.11=h62dcd97_3
  - zstd=1.3.7=h508b16e_0
  - pip:
    - altgraph==0.17
    - astroid==2.3.3
    - atomicwrites==1.3.0
    - colorama==0.4.3
    - et-xmlfile==1.0.1
    - future==0.18.2
    - isort==4.3.21
    - jdcal==1.4.1
    - lazy-object-proxy==1.4.3
    - mccabe==0.6.1
    - more-itertools==8.2.0
    - openpyxl==3.0.3
    - packaging==20.1
    - pefile==2019.4.18
    - pep8==1.7.1
    - pluggy==0.13.1
    - ply==3.11
    - py==1.8.1
    - pycodestyle==2.5.0
    - pyinstaller==4.0.dev0+a1f92c6a08
    - pylint==2.4.4
    - pyqt5==5.13.2
    - pyqt5-sip==12.7.1
    - pyqt5-tools==5.13.2.1.6rc1
    - pytest==5.3.5
    - python-dotenv==0.10.5
    - pywin32-ctypes==0.2.0
    - wcwidth==0.1.8
    - wrapt==1.11.2

